
椎名空,1659140147,01,19,04
椎名空,1659140147,01,49,46
椎名空,1659140147,01,58,38
椎名空,1659140147,02,24,10
椎名空,1659140147,02,26,26
椎名空,1653699072,00,24,22
椎名空,1653699072,00,27,18
椎名空,1653699072,02,22,26
椎名空,1654890383,01,04,36
枫花恋,1676095473,01,57,17
枫花恋,1689719268,00,32,44
枫花恋,1689719268,01,09,00
枫花恋,1689719268,01,47,41
青空光,1739144278,01,37,15
青空光,1739144278,01,52,06
松本一花,1728932042,01,23,47
松本一花,1728932042,01,28,40
松本一花,1728932042,01,29,17
松本一花,1728932042,01,33,14
松本一花,1728932042,01,48,30
松本一花,1703752730,00,38,00
松本一花,1703752730,00,40,24
松本一花,1703752730,00,58,30
松本一花,1695056526,02,10,55
松本一花,1695056526,02,10,55
松本一花,1695056526,02,10,55
中野阳子,1691697593,00,34,49
中野阳子,1691697593,00,35,51
二宫光,1739112127,01,55,24
早美怜梦,1717473219,00,34,16
早美怜梦,1717473219,00,35,41
早美怜梦,1717473219,00,50,23
早美怜梦,1717473219,01,33,01
早美怜梦,1717473219,01,38,34
早美怜梦,1717473219,01,45,10
乙叶可怜,1686379312,01,24,52
南乃空,1742570723,00,21,17
南乃空,1742570723,00,42,17
南乃空,1742570723,01,48,37
南乃空,1742570723,01,57,36
甘乃椿,1723553556,00,45,07
甘乃椿,1723553556,00,47,07
甘乃椿,1723553556,01,08,23
甘乃椿,1723553556,01,37,07
甘乃椿,1723553556,01,42,38
甘乃椿,1723553556,01,53,36
西宫梦,1681698545,00,56,19
西宫光,1742566991,00,51,06
西宫光,1742566991,01,24,53
西宫光,1742566991,01,49,47
西宫光,1742566991,01,52,28
西宫光,1742566991,01,57,09
架乃由羅,1705356791,00,35,08
架乃由羅,1705356791,00,38,24
架乃由羅,1705356791,01,20,44
架乃由羅,1705356791,02,05,02
架乃由羅,1705356791,02,18,26
架乃由羅,1705356791,02,19,15
岬奈奈美,1662091794,00,57,48
岬奈奈美,1662091794,01,20,56
岬奈奈美,1685112674,01,22,18
岬奈奈美,1685112674,01,22,18
岬奈奈美,1685112674,01,56,50
岬奈奈美,1685112674,01,56,50
沙月芽衣,1739191301,00,37,40
沙月芽衣,1739191301,00,45,36
沙月芽衣,1739191301,00,46,03
小岛南,1739136219,01,05,02
小岛南,1739136219,01,41,40
小岛南,1646928148,00,23,16
小岛南,1646928148,00,57,14
小岛南,1646928148,01,03,33
小岛南,1646928148,01,47,05
小岛南,1646928148,01,57,57
小岛南,1716542793,01,23,12
小岛南,1716450420,00,35,06
小岛南,1716450420,00,59,06
小岛南,1716450420,01,44,10
小岛南,1716450420,01,48,09
小岛南,1716729997,00,48,08
小岛南,1716729997,01,22,42
小岛南,1716729997,02,13,57
小岛南,1716619279,01,13,32
小岛南,1716467804,01,16,04
小岛南,1716467804,01,55,06
小岛南,1716467804,02,00,54
小岛南,1716467804,02,06,16
小岛南,1716467804,02,07,15
小岛南,1716467804,02,13,42
小岛南,1716655266,01,16,32
小岛南,1716674719,00,28,14
小岛南,1716674719,00,30,03
小岛南,1716447413,00,10,11
小岛南,1716447413,00,12,04
小岛南,1716447413,01,57,22
小岛南,1716447413,01,59,39
小岛南,1716504049,01,56,14
上原亚衣,1701925561,01,05,59
上原亚衣,1701925561,01,13,26
上原亚衣,1701925561,01,15,45
上原亚衣,1701925561,01,59,17
末広纯,1742556576,00,25,37
由爱可奈,1673993654,00,52,54
由爱可奈,1673993654,01,01,38
由爱可奈,1673993654,01,02,03
由爱可奈,1673993654,01,03,53
由爱可奈,1673993654,01,43,22
由爱可奈,1717819699,00,33,21
由爱可奈,1717819699,00,56,25
由爱可奈,1717819699,00,57,55
由爱可奈,1717819699,01,36,18
由爱可奈,1717819699,01,40,18
由爱可奈,1713646637,01,30,19
由爱可奈,1713646637,02,20,13
由爱可奈,1713646637,02,22,10
Comb,1723736242,01,50,21
Comb,1723736242,01,55,49
希岛爱里,1713659465,00,51,02
希岛爱里,1713659465,01,26,21
希岛爱里,1713659465,01,45,03
希岛爱里,1686059101,00,20,24
希岛爱里,1686059101,01,37,37
希岛爱里,1686059101,01,41,53
三上优亚,1694264403,01,04,25
三上优亚,1694264403,01,07,50
三上优亚,1669703857,00,42,53
三上优亚,1669703857,00,46,38
三上优亚,1669703857,00,47,41
三上优亚,1669703857,02,03,33
三上优亚,1669703857,02,04,12
三上优亚,1669703857,02,20,59
三上优亚,1669703857,02,23,36
三上优亚,1669703857,02,26,04
三上优亚,1692486629,00,41,24
三上优亚,1689726388,00,36,24
三上优亚,1689726388,02,10,33
三上优亚,1689726388,02,14,46
三上优亚,1690668034,02,45,54
三上优亚,1690668034,02,47,47
三上优亚,1689715821,01,08,41
三上优亚,1689715821,01,09,51
三上优亚,1689715821,01,43,22
三上优亚,1689715821,02,33,47
三上优亚,1689715821,02,38,09
三上优亚,1689715821,02,40,16
三上优亚,1689715821,02,54,30
衣吹花音,1742573926,01,39,27
川上奈奈美,1709376526,01,24,54
川上奈奈美,1709376526,01,41,08
川上奈奈美,1709376526,01,50,16
川上奈奈美,1709376526,01,53,54
向井兰,1708628026,01,58,45
向井兰,1709368281,01,55,29
向井兰,1706582988,01,53,42
向井兰,1706582988,02,29,30
向井兰,1706582988,03,32,05
向井兰,1706582988,03,33,34
向井兰,1706555464,01,02,03
向井兰,1739183552,01,52,38
向井兰,1739183552,01,55,39
向井兰,1691710255,00,26,49
向井兰,1691710255,00,28,34
向井兰,1708610150,00,59,00
向井兰,1706595405,00,41,49
向井兰,1706595405,01,31,22
向井兰,1706595405,02,21,25
向井兰,1706595405,02,22,31
向井兰,1708619044,00,38,43
向井兰,1686064089,00,41,09
向井兰,1686064089,00,42,31
向井兰,1686064089,00,52,24
向井兰,1686064089,01,36,23
向井兰,1690326941,01,47,55
向井兰,1690326941,01,54,35
向井兰,1699134782,00,38,28
向井兰,1699134782,00,49,31
向井兰,1699134782,02,02,50
向井兰,1699134782,02,08,06
向井兰,1706536488,01,15,06
向井兰,1712675298,00,43,55
吉高宁宁,1709443946,00,52,02
明理紬,1742574657,01,48,51
明理紬,1703806525,01,48,12
林叶纪子,1682343366,00,22,24
由良加奈,1739267274,01,05,19
由良加奈,1739267274,01,05,21
由良加奈,1739267274,01,42,47
由良加奈,1739267274,01,42,49
由良加奈,1739267274,01,49,38
由良加奈,1739267274,01,50,38
由良加奈,1739267274,01,51,12
由良加奈,1739267274,01,53,14
由良加奈,1739267274,01,54,46
由良加奈,1739267274,01,55,33
由良加奈,1739267274,01,59,24
由良加奈,1739267274,02,02,05
由良加奈,1739267274,02,02,34
由良加奈,1739267274,02,04,37
枫芙爱,1702867189,02,07,24
枫芙爱,1702867189,02,09,40
相泽南,1742558766,01,51,21
深田咏美,1652252120,00,21,40
深田咏美,1652252120,00,53,14
深田咏美,1712760605,00,18,53
深田咏美,1712760605,00,21,53
深田咏美,1712760605,00,23,38
深田咏美,1712760605,00,43,22
深田咏美,1712760605,01,52,51
深田咏美,1687826323,02,11,49
深田咏美,1687826323,02,20,13
深田咏美,1687826323,02,24,11
深田咏美,1675132497,00,35,30
深田咏美,1675132497,00,45,50
深田咏美,1660253553,01,07,34
深田咏美,1660253553,02,10,09
深田咏美,1660253553,02,17,09
深田咏美,1660253553,02,21,35
深田咏美,1694277321,01,55,47
深田咏美,1665425456,00,26,16
深田咏美,1665425456,01,32,43
葵司,1717575487,00,18,33
葵司,1717575487,01,57,25
葵司,1695222138,01,52,52
葵司,1695211260,01,52,48
葵司,1717721349,01,21,20
葵司,1717721349,01,51,28
葵司,1695066620,01,53,35
葵司,1717702568,00,48,42
葵司,1717984093,02,43,16
葵司,1703784180,01,41,25
上户真理,1739049346,02,27,26
上户真理,1739049346,02,36,03
上户真理,1739049346,02,37,17
Unknow,1732217040,00,25,10
Unknow,1732217040,02,09,31
Unknow,1732217040,02,15,57
Unknow,1739089337,00,34,08
Unknow,1739089337,00,34,59
Unknow,1739089337,00,36,40
Unknow,1739089337,01,37,32
Unknow,1739089337,01,56,14
Unknow,1739089337,01,58,23
Unknow,1688039725,01,13,33
Unknow,1688039725,01,15,06
Unknow,1688039725,01,57,18
Unknow,1701618898,00,20,05
Unknow,1701618898,00,23,02
Unknow,1701618898,01,20,12
Unknow,1701618898,01,29,17
Unknow,1670157131,00,34,58
Unknow,1670157131,01,39,43
Unknow,1698113937,00,32,11
Unknow,1698113937,00,33,48
Unknow,1698113937,00,41,09
Unknow,1704281812,01,41,33
波姐,1658929511,00,50,52
波姐,1658929511,02,11,29
波姐,1658929511,02,15,52
波姐,1659134002,00,35,35
波姐,1659134002,00,40,26
波姐,1659134002,00,46,25
波姐,1659134002,00,47,59
波姐,1659134002,00,50,00
波姐,1659134002,01,47,55
波姐,1742573487,00,50,37
坂道美琉,1732212898,01,13,58
天海翼,1662860981,01,57,04
乙白纱耶香,1705377701,00,44,06
乙白纱耶香,1705377701,01,17,21
乙白纱耶香,1705377701,01,26,17
乙白纱耶香,1705377701,01,37,45
乙白纱耶香,1705377701,02,06,30
乙白纱耶香,1688040299,01,48,50
乙白纱耶香,1688040299,01,51,26
乙白纱耶香,1688040299,01,55,27
